100 300
99 44 167
38 49 422
15 32 178
29 2 475
25 28 247
15 40 320
18 31 459
7 51 594
18 19 624
60 45 887
1 2 502
44 51 573
95 88 944
47 5 855
8 45 447
20 96 882
13 88 314
45 53 700
76 47 435
14 92 540
46 26 845
38 54 986
56 4 926
13 14 81
94 10 557
91 37 662
1 31 259
81 63 306
44 26 521
38 63 654
94 77 731
6 41 574
20 93 695
11 65 359
76 82 479
36 93 636
100 18 158
67 63 196
2 30 623
71 26 952
30 3 792
21 70 401
40 59 760
13 76 701
36 13 108
9 32 634
74 17 879
63 37 632
33 75 459
9 56 573
46 30 563
89 9 547
22 18 559
68 10 78
82 99 973
41 80 582
77 16 545
81 13 683
16 68 472
36 88 669
36 100 482
88 14 218
54 24 164
30 100 543
50 9 564
88 10 504
5 7 835
52 13 682
66 17 704
37 87 525
96 32 172
40 52 947
17 69 590
31 79 29
93 13 700
1 31 95
81 14 855
83 66 945
5 98 774
43 59 945
78 6 76
44 61 804
36 89 41
32 6 378
64 47 835
1 23 298
35 67 881
56 49 524
58 48 358
61 51 394
8 99 500
19 88 941
50 30 969
48 63 569
50 49 526
76 97 931
92 17 867
56 32 113
50 10 419
65 38 598
39 23 473
87 14 714
69 10 540
48 94 993
46 16 640
67 42 878
8 3 771
32 22 546
32 39 202
58 21 354
84 68 749
73 76 942
19 100 322
95 75 558
34 5 803
80 60 832
66 47 922
61 32 164
66 69 651
52 86 734
25 16 883
83 70 217
15 92 159
16 52 127
8 84 861
48 79 781
99 71 199
24 96 873
91 99 627
52 100 261
39 81 523
51 44 795
88 42 972
34 55 394
49 87 291
45 88 530
21 72 294
25 89 86
9 23 352
86 16 672
40 4 490
81 55 645
29 92 947
1 75 968
33 37 479
54 58 26
4 21 306
22 39 731
72 93 194
67 81 221
17 20 204
59 38 864
66 29 535
51 71 199
83 12 986
1 89 655
24 98 962
56 69 155
81 63 489
63 8 326
53 64 384
60 1 851
8 84 970
82 94 909
32 84 239
69 55 21
28 1 109
45 53 621
51 88 428
12 99 410
67 9 144
67 40 716
46 69 385
72 59 232
82 14 37
56 55 794
31 53 554
32 27 223
58 82 134
5 75 525
12 100 145
7 83 837
26 13 191
51 63 589
78 16 450
79 80 211
74 27 49
76 78 380
97 20 199
5 9 615
3 45 425
55 22 73
64 77 809
79 76 13
40 13 107
18 53 601
79 68 231
10 28 276
90 1 8
46 51 155
15 74 441
20 5 634
95 90 774
39 51 544
5 34 278
45 30 753
80 29 209
68 93 413
65 8 478
86 13 588
15 99 196
36 27 485
72 90 599
35 89 806
58 63 586
7 27 11
20 63 693
2 4 350
54 97 335
63 90 783
44 38 28
95 48 712
35 52 563
70 6 919
8 92 897
25 51 100
97 93 3
7 77 355
26 54 634
9 93 863
14 93 523
79 24 646
25 93 460
59 93 568
21 30 394
19 1 448
97 7 485
82 63 469
59 46 982
43 81 847
19 54 910
56 37 189
44 13 924
77 17 512
55 94 104
100 83 546
41 24 686
82 43 455
92 84 251
34 39 537
8 20 160
77 88 767
3 76 25
89 33 619
71 68 383
50 36 101
35 59 368
32 40 886
49 51 654
93 18 484
16 42 459
19 38 316
9 93 715
52 21 832
65 38 935
15 37 646
49 24 483
17 2 744
86 68 249
95 62 668
43 93 600
63 83 740
50 63 30
33 73 314
89 100 479
47 59 926
18 16 132
62 76 717
38 3 475
63 77 38
39 70 721
27 91 563
90 33 263
32 38 695
16 53 537
40 26 491
13 4 873
7 76 264
77 11 779
49 40 382
72 87 721
85 72 239
56 20 191
11 32 172
13 42 878
92 19 242
96 29 928
94 100 842
66 29 976
57 73 933
