1000 3000
900 936 289
880 90 647
202 50 716
782 647 645
944 80 254
960 746 835
451 352 145
548 724 968
492 575 19
975 367 678
797 98 858
585 846 681
864 142 541
107 109 204
411 508 946
103 358 156
496 470 840
25 622 748
206 112 828
438 527 944
514 701 908
25 88 796
267 837 355
188 639 288
338 13 713
356 367 426
177 936 254
434 886 404
304 170 62
283 408 410
835 202 463
123 479 38
32 19 909
873 246 879
275 321 750
447 654 739
627 421 79
434 233 391
945 594 778
464 328 154
645 780 567
653 564 507
458 231 799
932 745 196
759 554 816
623 445 523
76 773 349
747 34 371
549 828 130
322 227 471
458 712 719
451 786 547
235 594 394
661 403 9
243 674 980
858 952 617
708 655 497
373 859 335
712 249 135
666 725 155
715 593 603
515 403 554
981 311 760
731 759 323
654 666 274
591 241 995
168 896 349
365 708 321
711 376 396
117 637 355
728 775 678
541 604 433
805 553 309
638 149 520
176 825 22
569 418 160
108 139 284
578 537 580
5 853 951
894 500 114
496 746 552
668 986 275
21 579 930
361 450 544
920 849 438
46 463 158
680 996 841
52 899 165
249 974 793
869 440 167
395 882 653
811 535 975
776 577 482
719 470 55
419 825 780
406 120 726
837 845 514
435 915 972
735 317 132
761 338 733
724 9 591
665 495 466
994 357 391
962 270 886
142 896 234
372 843 376
351 255 347
18 881 546
743 815 287
420 473 897
606 869 406
775 635 996
249 831 152
888 539 300
879 568 893
488 829 538
514 51 139
299 180 350
780 620 497
322 866 476
890 531 502
325 781 343
908 443 47
330 266 700
816 641 153
725 457 601
109 134 388
899 187 722
29 410 793
885 707 912
626 752 937
818 945 442
489 889 78
662 862 596
110 580 884
951 71 323
37 1000 358
605 429 259
407 362 824
150 327 851
25 472 995
829 557 726
159 21 789
358 879 358
864 419 4
814 896 611
40 464 861
505 413 858
489 983 620
773 219 215
78 745 927
724 492 420
239 541 153
533 850 210
881 470 975
505 47 92
762 345 895
62 123 404
419 711 272
163 910 714
200 571 891
197 425 642
207 835 835
1000 103 437
431 551 492
620 707 735
316 998 355
397 776 472
93 874 522
170 596 477
489 682 925
725 50 299
450 502 1000
180 540 238
121 749 202
580 624 659
684 359 202
357 358 797
304 979 713
507 864 159
452 165 433
908 156 508
518 813 943
819 673 988
351 340 496
61 449 438
44 962 126
807 878 434
911 146 19
418 213 799
894 803 944
652 499 823
763 656 221
170 174 715
408 124 918
196 262 836
573 268 298
282 981 403
260 9 423
763 943 991
355 645 591
138 791 464
67 375 751
856 523 237
809 264 323
243 390 932
818 877 370
415 126 891
197 922 71
511 600 775
727 521 554
870 184 417
75 158 753
912 782 909
452 342 176
902 97 304
802 616 313
325 975 623
612 78 8
756 936 735
87 75 52
409 918 449
180 972 546
560 880 504
353 111 15
685 890 6
412 109 302
645 277 880
236 582 781
249 85 441
230 255 732
177 158 64
90 561 656
199 831 777
638 833 622
774 627 936
31 158 606
712 292 834
755 236 46
42 825 365
412 500 954
42 356 980
621 426 315
699 315 338
632 721 779
849 873 226
640 398 481
238 708 11
81 714 404
980 199 87
289 371 156
529 35 132
249 132 351
579 415 540
102 88 41
814 79 132
279 738 132
399 876 319
963 204 328
171 411 935
876 7 656
353 634 817
690 222 156
808 492 396
312 526 831
815 132 501
186 607 290
831 576 396
572 16 516
748 878 492
309 203 605
906 257 919
481 69 425
263 730 383
859 653 748
609 611 350
456 118 536
782 655 585
947 890 144
130 779 475
892 257 599
531 646 672
642 161 933
653 401 84
422 517 497
167 559 984
357 568 17
615 375 604
840 456 55
813 501 780
525 985 963
255 570 492
476 559 458
586 229 824
976 943 385
559 576 418
414 493 258
995 941 844
256 179 324
500 836 137
255 711 150
671 763 780
30 2 50
425 215 717
843 494 81
798 587 468
799 163 635
640 759 206
486 117 74
168 565 246
179 973 71
314 532 994
387 598 350
562 983 555
425 855 724
544 360 576
461 471 896
574 423 816
815 908 287
130 536 149
314 74 97
210 732 843
353 494 2
495 297 767
925 988 950
636 150 880
65 993 942
302 300 89
843 837 701
363 571 739
878 955 524
604 437 407
736 849 25
960 244 497
344 865 406
286 209 247
83 526 941
118 231 252
595 76 378
184 159 186
256 223 667
623 494 784
785 646 395
334 752 588
237 367 134
897 240 227
949 95 740
203 186 118
55 201 981
664 831 199
758 380 291
263 889 916
893 751 189
181 370 684
265 930 658
846 312 702
638 320 720
814 660 129
875 30 772
949 575 689
423 287 553
247 933 644
646 40 714
87 589 779
272 241 882
329 600 968
849 640 326
609 616 721
536 734 55
937 493 874
421 672 208
522 851 692
598 443 216
227 544 708
621 452 273
935 248 797
258 854 255
440 441 112
318 447 616
517 790 545
259 956 406
693 750 19
801 568 694
959 20 382
523 535 91
861 511 404
797 420 774
609 439 363
399 10 578
201 936 436
431 484 645
845 105 426
268 153 826
126 772 543
638 697 942
782 139 351
415 500 294
112 328 441
19 647 284
91 997 279
219 341 892
813 270 799
479 695 778
749 979 854
713 217 45
988 35 647
880 481 289
596 82 95
787 467 241
942 52 153
893 640 215
262 723 817
194 646 652
845 668 688
39 367 783
825 536 347
825 290 987
931 922 32
43 789 820
746 446 940
58 555 964
733 441 596
934 100 756
141 82 831
631 174 962
490 431 345
728 120 281
640 111 145
84 676 851
342 603 689
965 821 783
627 238 981
900 691 950
83 361 617
223 513 970
154 631 726
401 562 503
305 736 357
232 131 51
69 112 872
536 965 444
396 294 23
520 562 818
30 947 819
44 993 625
767 755 142
906 219 74
509 605 935
409 305 89
687 363 119
356 253 284
800 973 951
829 418 939
810 552 725
454 702 125
654 490 163
523 667 28
601 319 283
811 195 30
429 401 508
800 88 974
515 586 613
510 643 948
313 253 19
258 944 751
931 327 43
671 725 288
72 767 687
989 693 966
580 167 118
455 114 188
843 216 651
40 996 243
642 994 916
144 101 740
302 293 561
360 917 658
268 160 642
9 874 103
931 347 199
331 451 826
897 499 143
112 260 87
436 68 237
224 335 991
992 92 468
473 122 197
775 873 200
398 74 311
108 444 114
807 507 510
342 544 313
378 561 705
750 653 836
48 137 134
822 440 702
493 453 641
781 863 116
326 860 60
495 291 240
710 563 235
299 759 934
732 688 761
605 532 76
444 24 441
296 109 756
429 769 716
982 537 178
526 608 505
316 718 376
596 396 836
676 443 713
863 721 261
945 58 904
711 417 367
204 419 563
124 11 232
303 638 591
646 40 242
560 959 252
160 954 929
899 645 722
659 496 71
921 254 556
235 118 314
401 627 508
914 639 512
25 761 273
182 153 592
672 730 599
484 838 241
999 675 811
323 626 133
719 929 337
654 188 652
619 987 113
411 706 465
54 362 987
832 773 707
484 559 929
759 996 948
111 475 55
91 395 662
135 899 578
492 761 877
990 831 333
346 725 892
10 123 421
473 884 199
926 446 188
732 679 756
873 109 150
466 219 422
173 363 118
337 138 485
65 650 762
386 591 892
210 548 502
84 28 88
762 431 290
957 796 600
653 56 785
697 275 10
585 872 559
957 844 908
719 308 582
687 957 569
46 996 859
286 744 967
156 375 379
831 482 296
418 647 601
339 209 792
709 463 114
900 140 21
154 269 783
505 747 80
463 417 856
878 914 227
814 901 54
438 755 875
669 40 657
779 865 449
884 437 955
212 333 832
64 729 353
19 189 777
680 476 960
618 906 218
174 266 285
146 922 444
361 863 687
621 264 286
309 482 572
68 168 758
339 376 839
877 209 647
470 420 243
620 73 134
932 269 229
385 68 30
164 960 896
511 33 302
681 949 670
933 931 715
93 276 70
604 454 789
2 597 713
506 493 920
536 883 75
182 705 521
291 507 385
415 486 597
32 971 94
613 100 434
965 993 120
838 660 324
624 100 295
225 37 373
29 310 262
993 170 778
976 319 956
791 33 947
619 577 102
245 379 244
688 701 557
384 797 415
494 191 424
463 927 42
283 81 633
512 913 81
822 990 549
606 962 359
589 735 343
307 518 668
730 586 437
465 39 347
648 398 754
78 82 163
172 983 628
857 430 759
291 443 790
724 745 372
346 352 603
57 310 20
805 864 433
911 175 310
478 927 130
420 47 177
753 172 561
402 467 649
712 132 963
631 263 233
386 772 977
516 518 539
243 890 113
512 24 520
458 330 20
126 861 457
814 688 986
142 743 991
46 452 121
159 308 169
252 741 858
691 409 712
196 191 697
239 380 459
798 759 973
447 698 818
671 244 138
891 126 738
711 253 311
662 446 223
786 579 669
584 760 969
17 891 149
27 580 338
612 119 472
482 240 409
406 397 626
638 263 299
819 97 24
926 463 425
74 183 661
523 87 756
245 449 850
942 224 280
888 35 817
949 888 108
35 698 239
469 106 938
754 539 278
274 849 256
319 892 514
739 538 193
893 473 309
896 824 562
23 943 444
394 4 359
28 613 186
952 36 469
90 678 332
649 108 643
420 119 169
872 28 62
28 1 604
264 48 829
712 780 480
151 631 667
485 983 229
405 241 788
414 149 874
484 139 524
607 187 582
294 578 851
290 973 371
55 690 647
263 790 901
591 951 560
962 899 339
163 258 519
91 597 718
709 986 239
370 153 473
683 188 512
606 770 246
163 139 472
401 259 477
948 760 104
672 304 294
445 415 779
164 259 804
443 863 756
402 643 877
162 410 127
314 875 639
985 497 955
121 279 711
390 848 194
136 644 288
947 480 452
328 785 950
424 608 629
150 814 764
725 644 810
763 450 759
121 306 998
905 984 739
73 409 530
793 242 82
94 596 293
554 258 24
539 255 395
91 210 188
263 759 659
552 673 570
585 153 967
515 303 774
848 975 52
186 290 369
425 832 856
766 443 384
414 43 453
15 313 787
154 200 470
581 629 537
741 138 167
554 707 980
39 540 705
120 747 533
938 575 629
360 146 682
328 358 259
221 861 106
860 799 638
477 145 213
746 42 642
120 53 302
375 553 265
758 736 32
586 260 152
364 334 368
212 237 715
504 473 242
541 830 699
753 187 604
434 160 430
17 747 596
355 815 350
62 249 581
944 398 698
797 110 609
445 953 268
185 525 673
447 498 242
989 663 314
635 826 121
940 202 300
203 187 861
355 454 475
155 142 837
179 597 437
234 215 625
753 686 2
206 250 383
884 91 591
696 829 648
939 244 160
171 964 227
607 630 784
145 325 373
58 179 144
530 938 989
374 906 361
511 587 589
563 23 390
177 768 922
822 798 344
342 261 305
320 759 599
370 767 317
903 376 374
341 785 110
309 151 53
441 170 109
833 881 949
112 258 729
789 630 192
208 195 744
736 707 379
99 476 38
846 5 834
228 886 404
401 719 15
264 231 199
51 633 207
580 52 238
678 971 525
492 201 616
601 106 170
472 571 498
406 435 606
406 576 768
77 307 793
304 428 441
401 806 687
529 542 6
468 508 691
231 221 878
835 84 214
531 613 363
611 598 55
862 512 848
638 606 886
431 766 904
704 966 377
389 364 275
174 998 22
23 213 827
24 573 450
815 443 303
95 32 415
949 951 247
835 903 391
236 957 784
450 463 683
827 423 492
589 858 487
220 643 171
369 236 454
705 213 23
671 72 34
129 694 713
191 189 188
718 896 627
686 312 524
702 89 628
891 730 398
74 559 176
170 416 393
102 636 108
350 405 42
898 570 208
642 351 663
527 539 849
204 561 874
341 302 25
486 690 884
576 247 985
392 59 925
454 122 769
597 53 146
864 227 284
787 912 470
546 811 563
649 580 504
929 834 678
782 343 883
148 535 569
232 737 854
516 888 847
134 472 947
134 184 474
108 608 167
238 926 58
192 307 181
530 751 443
822 424 905
210 802 603
470 917 570
920 884 438
70 820 165
199 62 673
417 656 82
923 963 967
694 915 148
757 784 749
479 715 522
703 74 741
304 348 905
604 58 190
231 177 923
260 920 317
245 437 559
157 115 696
523 861 434
417 816 388
297 516 958
140 134 914
109 261 884
266 183 424
979 847 943
557 794 459
22 805 801
243 690 305
321 297 411
134 994 439
667 367 855
641 12 241
788 309 529
245 126 938
865 689 104
813 487 855
319 679 505
243 378 567
643 591 615
740 728 895
951 616 259
103 398 704
217 618 836
349 320 449
790 850 189
847 478 356
459 392 100
722 953 752
536 757 598
492 426 479
119 701 621
594 446 445
2 616 164
13 537 45
632 122 176
645 623 571
895 338 620
359 890 127
255 676 434
768 331 969
933 843 230
770 923 289
895 103 311
507 727 167
953 206 214
151 606 334
747 604 328
537 894 217
215 74 534
263 833 902
891 424 745
839 210 771
892 56 573
279 517 594
576 598 50
152 770 467
327 694 116
762 946 881
332 672 965
167 436 287
173 853 392
759 161 892
30 33 169
309 509 788
205 135 154
700 786 545
877 685 677
29 55 252
412 493 171
866 383 891
931 533 493
182 267 850
17 303 715
106 105 369
875 949 271
400 816 95
284 252 6
431 466 413
430 839 591
610 427 435
803 435 999
374 203 319
51 532 3
59 391 898
830 339 287
459 190 625
126 529 421
719 710 239
212 496 887
885 503 885
435 680 857
347 761 57
620 766 298
844 303 324
426 73 642
67 69 990
793 218 787
969 994 418
861 712 529
891 15 832
489 701 107
717 234 320
320 671 645
460 146 55
629 620 381
414 995 959
705 799 484
481 839 820
814 390 371
823 913 324
329 346 271
986 124 546
581 84 472
159 399 181
802 987 140
896 432 706
676 767 828
980 217 126
306 594 631
394 686 534
724 758 533
224 556 615
70 242 534
598 424 519
247 39 495
796 285 284
810 276 630
875 679 153
871 823 549
595 336 992
393 353 497
214 752 4
990 252 765
714 315 307
568 468 989
315 409 415
504 90 369
814 418 72
968 173 123
565 532 468
174 300 603
917 371 942
340 620 969
961 355 916
29 925 550
121 397 379
80 557 738
199 133 546
711 686 245
874 613 752
499 56 987
721 497 647
592 338 304
938 42 442
103 108 583
377 97 63
715 720 992
54 987 210
862 716 545
478 217 502
526 336 547
667 357 918
71 922 776
942 616 983
540 473 509
351 481 869
994 538 644
961 982 287
131 130 244
665 725 837
272 825 784
749 271 284
597 630 822
74 714 665
695 7 711
725 975 33
74 516 852
469 774 328
77 634 402
631 399 500
974 640 413
564 307 686
427 956 226
53 503 398
759 211 80
661 33 261
884 727 16
27 628 994
523 594 219
60 272 262
902 703 28
818 820 188
527 725 717
353 896 973
449 960 981
300 136 312
667 661 726
517 804 351
790 346 753
48 354 352
677 42 995
944 173 314
17 361 95
88 72 440
379 533 171
742 259 620
266 625 550
512 864 906
325 3 829
27 402 766
545 841 559
816 612 370
410 443 33
475 979 432
521 646 300
709 552 730
386 242 163
407 432 692
95 707 266
13 969 950
533 411 631
876 220 129
890 398 540
417 345 885
858 308 617
597 162 661
173 638 955
935 945 255
962 150 628
331 806 218
556 132 888
568 38 418
527 949 441
867 313 287
91 159 99
686 591 835
647 896 18
369 81 851
637 139 161
57 462 477
141 186 150
395 288 160
492 963 466
659 726 883
259 417 426
888 524 418
85 558 994
746 52 314
81 110 680
665 439 883
902 119 194
846 249 889
441 966 510
263 824 220
963 273 373
691 278 795
718 831 433
423 427 208
149 355 565
615 617 204
82 710 52
75 452 63
300 983 445
175 800 218
512 160 819
34 530 264
710 217 873
303 661 291
898 111 955
562 162 537
961 293 444
529 929 209
331 911 911
484 505 297
950 944 1000
487 867 96
128 313 545
545 518 202
295 363 317
187 899 742
435 151 786
771 160 704
963 661 488
766 466 99
472 248 962
677 364 474
895 808 39
862 757 245
524 85 172
630 794 565
535 902 502
693 370 875
282 381 261
187 465 206
670 765 841
31 202 405
217 37 796
517 807 877
43 231 115
820 752 955
923 307 404
323 238 973
868 606 127
670 985 288
151 988 237
520 188 293
975 960 69
980 109 386
689 692 165
118 522 463
503 119 499
864 781 934
721 590 658
140 688 551
797 259 257
525 797 187
521 755 519
966 495 749
567 99 677
124 548 283
907 55 668
868 503 610
517 768 84
408 59 709
419 705 940
805 11 886
954 116 924
568 290 365
905 827 463
235 961 288
584 59 745
700 209 101
651 115 406
650 726 786
327 680 761
659 606 828
840 273 471
269 378 188
648 579 800
403 859 58
447 313 484
209 544 407
701 888 400
273 410 937
962 697 898
198 562 944
107 770 238
836 291 688
14 486 934
209 162 236
572 481 253
173 373 285
948 772 982
23 788 146
70 369 651
352 179 75
181 428 406
991 170 75
848 293 563
416 674 802
289 667 734
422 408 775
86 20 715
527 553 724
769 367 432
400 26 524
483 657 923
173 560 68
87 508 985
812 875 346
71 296 148
211 700 938
738 208 528
112 807 763
57 279 901
719 754 118
95 938 535
447 307 330
159 674 989
690 938 64
972 178 192
112 988 44
372 907 752
671 279 753
175 156 398
832 318 99
426 281 773
238 404 260
319 334 591
505 311 664
224 328 453
17 985 749
65 44 950
852 627 751
326 593 597
310 174 149
638 704 372
661 985 460
118 994 614
398 639 570
795 559 978
541 846 57
605 536 891
908 858 582
34 609 347
517 984 188
611 747 510
473 341 171
807 593 822
936 126 480
776 683 700
271 68 99
253 534 96
841 278 808
72 337 391
324 265 112
867 784 624
110 296 121
609 312 641
433 509 682
186 173 861
501 946 470
290 29 913
706 343 563
912 566 877
846 931 549
870 187 188
104 178 221
146 965 348
680 668 794
426 691 661
253 124 423
317 409 71
855 291 335
171 187 836
887 964 269
566 557 215
806 499 662
276 526 360
776 188 916
467 829 436
25 977 289
734 436 778
812 952 502
81 66 78
493 88 892
185 43 807
267 429 711
984 47 195
915 984 390
899 125 471
121 982 283
965 203 2
594 106 437
199 51 891
164 659 326
423 193 106
35 767 225
8 906 113
621 468 713
12 726 301
635 586 451
237 60 314
626 853 239
988 395 110
540 579 321
944 761 612
658 290 400
470 523 432
60 454 288
674 158 408
138 333 697
194 166 481
617 188 778
137 735 660
735 501 709
208 950 594
324 921 184
862 145 66
445 354 627
935 993 869
917 550 608
368 386 905
374 647 128
208 648 626
559 968 631
741 595 556
502 407 244
405 774 250
365 344 364
122 246 818
926 195 125
860 68 201
628 236 278
793 956 449
214 923 756
825 739 966
618 606 478
355 2 73
856 516 307
179 484 922
286 404 300
767 733 637
577 377 384
253 780 485
930 457 294
345 538 208
283 501 280
521 635 326
53 498 291
430 2 854
465 648 62
880 254 33
29 459 602
576 149 611
385 504 10
997 234 571
869 995 647
349 405 502
568 10 248
419 276 950
90 5 275
550 934 779
970 81 676
307 342 241
228 329 50
205 317 570
144 455 638
827 20 937
962 867 597
630 813 897
998 962 841
957 686 837
654 883 650
225 649 455
541 409 771
196 664 999
722 237 907
975 806 507
813 679 699
740 840 979
794 986 752
323 823 88
743 711 938
426 583 892
779 239 124
643 631 681
465 193 43
778 963 300
924 796 402
632 537 151
482 220 997
704 251 274
244 695 988
723 92 892
521 557 516
641 332 839
627 490 866
529 85 1000
280 360 74
443 931 546
684 995 192
16 28 590
654 588 383
435 579 950
258 876 619
290 619 494
284 540 977
486 465 404
602 659 612
201 355 466
807 635 977
114 485 85
353 770 229
148 360 104
895 663 111
94 387 884
471 553 252
714 47 631
511 530 868
599 266 98
515 962 138
533 591 145
101 813 472
717 676 509
169 886 66
24 534 83
539 159 516
910 95 441
712 95 151
156 821 294
295 805 575
105 290 336
48 918 302
16 637 482
583 298 635
309 651 62
891 350 214
680 898 811
32 441 447
804 183 300
186 376 532
920 232 224
632 841 649
563 763 399
235 449 508
153 677 267
578 488 750
691 890 866
721 129 187
651 471 204
842 203 254
573 384 279
436 70 24
475 247 157
16 286 180
361 574 773
289 417 589
399 237 897
801 63 475
64 957 113
605 967 252
960 92 225
524 216 579
692 32 880
21 627 693
928 865 527
129 565 627
109 356 597
41 954 963
221 824 292
745 506 950
813 171 117
634 647 912
125 111 338
777 481 175
534 833 502
104 840 700
762 614 367
879 355 161
938 741 523
688 761 257
415 437 365
594 309 290
412 755 979
333 376 551
220 192 280
556 229 752
294 393 606
574 497 568
583 641 109
434 157 114
354 448 349
512 683 843
380 548 996
111 344 51
765 213 378
189 18 854
839 792 704
525 339 911
961 352 204
588 319 923
144 739 839
117 686 980
858 436 506
721 326 522
526 894 796
545 75 338
76 359 202
552 206 42
271 90 217
927 526 166
539 635 765
77 839 313
455 410 109
791 814 993
123 558 962
319 351 139
703 731 836
552 187 944
81 166 172
766 861 734
800 577 317
991 433 480
858 600 868
410 194 725
800 611 34
633 892 78
635 474 47
446 980 800
557 265 419
818 677 568
825 871 959
339 758 274
320 836 789
118 956 957
498 802 147
465 333 858
860 414 210
664 87 450
836 510 527
98 28 496
848 107 654
584 218 318
877 692 723
208 123 732
241 14 251
346 631 504
618 6 215
970 451 728
500 176 569
572 801 642
276 44 863
459 614 947
66 575 943
607 755 946
25 948 614
899 973 422
476 787 189
472 662 673
831 878 136
697 73 470
450 221 500
481 276 600
494 343 363
336 102 520
31 83 499
915 550 226
46 518 542
728 421 544
424 127 413
446 853 546
759 421 735
960 2 946
605 903 745
916 976 91
320 385 960
873 670 419
271 105 234
754 777 289
107 749 549
718 813 189
594 151 451
688 661 648
647 835 294
251 691 589
653 857 438
538 700 12
598 996 356
43 707 382
609 890 337
447 173 974
792 305 316
925 920 329
142 597 801
568 6 936
592 402 137
9 560 693
196 528 150
717 723 55
726 646 419
919 478 721
233 488 666
324 118 186
924 732 307
280 271 807
294 567 977
27 366 686
222 537 458
480 135 398
295 163 524
631 210 140
859 474 203
995 557 512
843 360 474
941 456 896
177 163 904
359 629 770
393 808 473
392 178 96
689 520 85
529 533 578
501 513 781
643 737 446
479 524 484
196 674 167
817 487 602
793 149 830
342 255 235
951 396 947
911 994 351
931 755 637
745 909 730
221 919 663
630 347 257
385 264 253
476 819 549
363 196 815
307 730 65
755 678 629
76 860 427
212 7 822
395 595 413
482 996 572
285 837 837
856 251 817
46 50 460
642 827 444
531 541 761
238 491 723
839 740 347
666 46 549
476 33 421
815 266 711
633 327 48
654 690 74
764 190 163
812 158 898
148 379 209
916 319 461
32 775 629
218 17 563
376 619 934
237 486 94
528 376 854
668 761 167
449 478 95
533 852 959
391 331 791
208 120 230
677 338 547
910 526 771
669 419 501
567 374 769
602 810 419
162 142 227
87 999 541
54 677 745
107 246 854
71 973 472
357 368 754
194 14 606
101 660 383
975 801 442
500 246 409
443 475 804
589 782 286
271 392 173
502 775 296
463 493 961
61 763 550
119 614 133
319 641 720
25 48 945
967 385 357
283 477 269
410 473 794
834 387 150
313 586 915
793 547 39
708 116 591
745 300 639
842 645 188
572 552 486
695 629 938
351 387 241
276 304 483
647 991 271
337 87 626
573 838 465
107 53 926
13 885 687
518 861 398
73 462 701
84 738 929
55 577 173
604 679 915
958 176 7
666 172 75
327 228 580
766 944 658
307 95 323
813 982 779
708 233 73
923 733 133
54 96 825
468 517 701
222 846 132
16 743 178
73 478 860
102 839 81
612 187 551
371 292 129
828 511 952
652 684 374
19 115 477
66 330 824
149 31 166
33 573 972
33 369 396
404 269 29
485 412 669
996 116 971
218 277 321
558 891 234
500 698 20
413 836 159
227 152 663
994 53 36
296 368 792
262 802 214
852 604 659
75 639 845
888 51 672
917 611 78
570 248 36
628 435 317
607 986 658
768 319 877
709 970 377
881 155 58
815 313 269
256 29 176
486 790 882
86 717 609
242 442 10
593 799 721
573 134 767
911 411 268
624 425 992
513 737 81
537 667 218
792 146 912
862 600 575
671 934 710
249 956 731
542 218 627
715 651 693
270 747 270
698 708 961
174 823 886
320 196 360
419 56 330
920 953 498
166 231 79
992 978 422
603 155 248
714 211 300
121 636 147
221 989 624
465 174 814
368 481 624
758 955 112
36 773 72
167 179 11
336 938 141
459 446 466
699 765 570
795 646 269
753 323 308
341 182 203
754 218 301
612 915 22
727 221 675
300 357 265
935 513 726
364 474 687
559 914 799
678 650 568
966 384 179
97 423 487
564 71 440
785 717 212
592 91 834
887 630 474
35 963 710
990 205 805
17 555 514
201 742 121
803 473 270
850 423 124
824 58 826
264 476 873
328 340 616
382 817 443
794 802 488
323 474 621
129 697 563
858 111 353
839 599 520
24 729 680
120 881 575
150 542 988
57 426 193
18 317 440
825 7 39
329 510 497
97 479 589
20 87 671
182 7 733
925 420 473
44 26 263
892 512 657
274 240 595
531 200 182
366 630 464
756 995 723
507 115 233
716 867 297
837 134 613
293 499 750
85 868 73
400 693 970
807 664 99
278 231 633
220 225 23
402 997 581
920 943 666
468 259 668
793 234 708
788 9 953
998 48 671
994 255 443
433 800 169
343 504 410
830 128 894
211 917 801
105 409 895
342 950 845
205 812 159
685 134 460
349 43 463
692 111 981
591 1000 53
609 357 54
858 87 451
179 471 188
523 676 822
753 704 579
82 911 130
423 712 449
474 61 107
185 716 816
160 332 963
419 540 438
956 960 195
257 688 905
644 378 839
986 173 876
557 573 75
834 572 439
769 125 861
352 475 571
671 665 961
520 586 473
956 96 616
915 206 276
985 4 959
159 84 798
262 451 366
708 59 375
504 502 151
585 55 273
565 158 46
603 427 158
789 635 780
63 696 775
7 891 154
866 698 850
175 470 409
86 854 168
544 881 389
248 516 185
425 582 111
276 303 24
285 207 921
386 798 501
517 546 593
131 175 919
473 525 784
981 76 109
394 899 911
213 149 43
224 122 433
719 581 537
52 450 652
825 88 907
457 41 366
767 671 419
442 335 863
854 577 148
112 29 887
555 656 571
709 293 9
46 834 953
765 208 664
729 193 495
831 787 606
253 727 345
294 574 577
559 89 811
361 540 49
762 619 240
643 808 922
167 16 451
801 241 865
453 941 301
299 478 849
381 803 559
131 5 901
698 331 934
546 188 702
684 87 479
199 730 97
422 888 815
606 313 556
353 600 610
491 387 928
543 441 511
673 467 993
326 507 499
433 465 410
849 158 192
56 215 826
610 826 348
691 610 700
878 230 973
693 377 824
126 816 706
525 679 412
277 811 710
345 463 518
523 821 940
747 557 689
503 415 372
101 267 570
747 995 418
724 183 935
630 934 203
467 73 774
86 393 837
670 138 850
168 110 832
439 678 963
142 943 817
284 937 475
763 379 317
251 498 294
621 611 169
805 138 702
945 639 474
379 927 202
694 979 202
501 337 125
414 977 496
613 258 677
737 163 640
249 92 918
688 621 627
61 569 359
299 360 734
686 368 607
950 236 46
439 526 98
694 37 730
995 946 406
668 44 167
446 860 694
397 894 883
392 384 409
742 514 109
331 488 254
475 378 785
630 424 692
388 6 522
1 562 660
316 269 574
504 993 20
101 607 935
152 581 429
956 126 620
433 122 211
711 449 607
16 531 613
423 166 635
503 192 461
150 115 654
192 740 854
329 690 412
648 596 880
564 389 235
318 16 424
200 10 343
748 973 125
648 985 749
513 908 565
231 154 300
162 346 397
489 544 449
636 442 183
580 967 469
550 419 502
749 377 824
629 468 163
124 606 678
971 328 410
382 60 935
47 434 613
917 41 430
28 202 625
557 20 280
116 410 272
85 930 195
49 433 615
161 486 750
598 416 981
818 36 533
840 174 396
914 580 683
319 423 898
146 776 251
8 426 730
929 999 343
415 671 701
764 765 722
613 751 822
771 972 643
781 87 892
966 90 793
232 78 986
374 573 870
137 661 648
905 664 20
22 928 754
635 610 976
913 787 907
978 587 415
812 762 308
46 624 230
897 373 567
338 585 687
337 467 112
41 762 386
608 169 258
641 310 948
715 383 601
24 143 569
343 975 380
327 214 656
453 954 430
48 76 824
876 9 76
11 683 368
217 869 934
921 923 919
272 812 198
376 817 487
34 717 884
439 499 776
422 256 377
796 968 778
885 677 23
604 25 309
452 421 31
731 481 610
640 921 29
176 766 423
389 239 16
277 411 521
738 621 817
147 130 787
608 555 391
955 119 473
220 756 427
955 833 914
674 754 546
783 290 563
728 270 582
666 356 951
435 390 610
453 907 188
601 572 593
226 235 745
95 772 578
117 949 401
786 894 86
779 16 360
314 441 446
867 407 680
611 560 420
636 871 23
657 247 641
681 945 649
960 432 881
633 644 64
750 650 990
99 336 535
84 931 116
637 789 441
619 414 941
860 829 546
725 481 891
935 249 17
970 876 877
591 978 340
480 871 441
258 1000 951
20 166 23
40 95 145
8 299 493
96 677 410
864 871 398
77 907 736
618 901 236
607 848 337
862 926 321
951 150 12
157 220 702
383 608 886
4 116 103
822 197 166
416 495 261
530 248 479
600 997 632
948 383 424
763 774 660
790 952 861
774 836 718
801 735 116
809 169 732
72 87 536
283 618 863
399 402 66
445 671 12
993 39 950
50 792 348
287 619 67
532 977 749
166 425 409
166 579 96
4 988 224
171 201 196
730 129 885
56 112 593
830 199 737
618 877 634
375 404 717
419 97 547
138 292 489
232 248 628
789 409 541
702 655 749
504 670 35
368 571 567
850 22 670
250 616 23
222 913 747
220 424 384
347 315 454
164 955 325
540 533 301
352 833 116
330 996 237
411 794 284
167 657 478
497 663 183
546 562 446
109 479 247
298 81 256
799 309 673
150 426 220
54 42 303
634 737 157
528 613 877
393 354 541
707 139 572
25 814 49
23 803 992
505 319 427
590 11 21
62 889 543
76 826 229
693 604 997
113 664 892
626 959 202
932 972 420
114 976 942
191 393 610
263 903 285
260 246 1000
913 111 19
904 239 650
772 243 860
793 27 830
515 243 299
925 757 833
268 90 609
411 216 337
760 427 584
685 673 342
329 292 935
554 928 858
244 20 747
214 780 702
955 774 325
553 162 648
547 766 965
479 694 834
493 208 755
802 48 436
231 937 35
853 110 634
546 957 514
913 321 399
200 993 147
604 241 564
652 554 8
652 409 629
868 359 272
896 721 717
358 690 134
434 87 185
270 562 556
643 248 855
635 728 791
988 152 966
220 789 300
328 733 865
870 469 509
409 771 127
908 90 475
281 903 529
299 836 758
309 269 875
503 918 176
294 888 279
54 876 533
412 686 147
298 94 971
78 83 6
211 885 766
771 811 20
576 530 532
810 169 4
638 14 362
198 245 554
52 920 113
815 41 321
725 62 418
848 731 130
374 347 853
188 935 792
931 881 10
224 780 137
148 133 492
300 31 631
14 972 715
641 976 340
363 218 447
549 353 258
508 67 651
108 679 535
974 782 451
441 183 28
345 346 603
960 290 820
703 226 717
60 405 144
156 482 14
434 705 732
156 610 799
639 633 838
675 310 416
985 893 517
820 297 136
412 908 870
60 550 673
245 864 41
866 504 238
891 976 46
206 443 423
152 81 376
458 508 313
547 938 405
239 820 458
340 836 578
73 671 279
299 890 589
944 543 480
999 98 688
890 346 967
331 889 815
14 587 936
820 349 464
743 49 469
142 322 180
818 109 571
643 319 316
948 278 207
634 941 131
780 305 622
643 260 293
275 665 314
107 160 206
524 458 862
349 925 233
267 136 488
964 151 501
825 557 863
132 887 722
971 947 94
710 750 144
902 546 437
508 204 754
502 106 97
269 652 655
834 819 847
888 984 360
823 266 391
801 458 867
743 434 156
855 415 877
463 149 917
306 21 67
125 310 690
321 565 347
245 977 711
399 617 657
752 765 393
341 54 305
598 35 504
792 583 600
47 559 639
758 303 639
981 157 801
89 40 709
687 34 92
312 141 992
13 101 654
657 666 685
552 761 967
28 477 195
261 759 874
123 787 148
374 338 503
403 211 374
844 869 679
307 28 566
635 231 170
898 936 455
509 852 133
933 856 529
875 220 839
545 958 97
76 762 175
226 69 64
569 410 61
778 630 338
850 735 386
428 458 852
696 611 819
48 716 461
37 689 696
892 291 237
677 198 771
893 1 908
708 756 578
1 137 476
467 253 511
632 834 750
643 177 329
803 861 540
687 396 648
101 543 574
346 229 801
247 375 116
629 371 684
638 975 465
146 916 758
197 730 482
627 608 644
331 83 963
419 910 429
327 458 361
325 598 54
253 56 460
440 19 845
964 761 986
745 409 423
56 760 117
332 499 126
718 191 87
580 758 429
370 900 578
674 56 94
416 896 851
685 374 551
86 739 961
63 751 381
227 643 554
225 523 356
613 134 581
67 43 227
834 248 507
742 661 593
679 912 903
472 724 119
940 218 827
588 854 671
325 808 588
562 296 657
129 830 278
929 236 116
842 801 109
480 696 431
888 970 479
989 615 345
403 172 210
363 446 657
975 465 539
581 491 978
412 157 289
413 60 988
492 487 203
388 206 823
924 795 378
171 952 632
731 640 978
223 45 931
610 116 585
62 902 375
656 238 720
696 68 685
873 769 688
918 309 692
535 52 552
366 29 714
249 390 351
993 158 97
25 652 990
923 346 182
352 245 826
803 521 525
113 272 950
190 213 451
17 915 439
262 546 714
487 47 320
746 975 284
34 531 307
373 964 166
372 190 750
375 878 150
99 770 786
379 220 856
478 737 971
479 76 233
405 892 707
985 280 272
790 706 477
508 605 496
361 949 91
361 352 549
375 858 675
369 537 184
570 66 399
389 973 91
41 599 767
735 707 749
997 1 609
204 753 232
366 197 237
289 527 154
687 495 189
301 495 134
580 640 822
657 298 146
366 697 430
740 108 482
732 672 46
693 966 268
964 29 44
21 956 751
617 350 372
253 996 189
232 930 461
1000 857 637
605 127 885
734 607 309
287 277 335
597 481 399
199 615 533
820 254 49
699 501 116
720 255 716
513 232 45
947 393 759
178 418 166
158 36 414
144 394 167
392 871 660
801 218 897
40 510 441
260 934 723
254 662 353
841 61 407
816 586 282
547 694 141
947 523 916
562 170 679
530 341 159
968 855 745
373 765 120
551 321 434
653 968 616
297 770 86
407 309 768
922 482 895
379 628 663
840 168 365
481 159 929
352 406 758
741 315 424
921 829 857
806 390 223
143 253 421
379 841 316
164 646 378
584 756 148
479 280 964
467 122 279
989 46 694
481 969 434
166 729 156
79 45 73
810 733 332
140 206 571
407 48 341
364 553 394
380 66 278
972 193 707
973 39 512
424 446 398
42 91 432
547 899 483
236 200 617
868 6 393
345 915 293
398 711 789
904 725 595
796 37 492
119 556 754
727 677 598
233 32 998
483 310 184
497 917 482
179 383 73
910 133 293
914 119 812
930 341 152
645 563 506
801 13 298
810 551 528
839 873 814
444 418 883
596 437 453
304 446 295
553 955 869
176 895 23
753 391 173
217 853 915
873 796 732
11 43 486
663 991 775
87 775 473
74 436 843
422 248 833
771 289 658
59 936 134
355 887 723
82 676 177
843 169 989
939 596 906
882 83 323
232 760 842
570 507 600
70 386 138
897 391 770
251 640 80
609 820 343
77 177 494
915 118 568
180 405 620
18 737 194
941 571 30
542 301 718
86 137 47
218 463 383
571 417 104
295 521 867
117 658 348
791 91 412
671 638 523
866 101 925
641 850 648
87 859 446
821 152 289
384 434 44
191 117 64
147 277 746
640 388 118
502 200 629
450 571 280
403 542 834
136 664 914
538 261 65
205 360 416
547 14 235
845 390 372
904 403 606
165 306 351
846 675 507
493 879 75
421 335 150
525 994 300
81 475 203
938 125 274
371 392 522
50 550 983
626 374 463
912 205 119
582 69 383
625 238 812
281 515 92
582 988 313
854 299 205
573 124 611
167 299 221
875 481 570
29 421 420
494 393 898
509 683 397
52 850 850
82 772 392
558 341 474
336 486 609
587 611 148
534 162 299
534 549 295
964 338 500
410 867 797
726 210 398
897 492 816
853 737 648
728 705 493
26 306 748
623 163 776
485 12 5
835 550 178
413 924 69
806 818 384
570 955 135
999 604 786
229 569 397
116 267 907
990 864 171
295 375 807
221 887 643
816 115 818
981 574 524
834 513 467
104 757 85
954 780 883
474 396 449
455 44 862
511 629 114
759 361 359
394 158 719
436 651 865
751 114 870
858 520 84
860 326 513
620 753 150
620 778 881
24 814 233
792 335 752
455 374 914
810 902 740
475 327 112
39 803 798
991 646 285
412 240 522
890 300 759
267 438 567
912 716 774
485 244 818
919 729 347
536 170 131
944 734 357
935 2 837
977 39 539
306 700 906
456 242 558
906 594 78
107 942 990
736 367 667
874 848 705
94 274 23
309 279 758
720 168 696
699 545 549
340 237 748
266 584 410
124 195 323
355 216 989
265 181 718
954 625 780
517 172 330
523 919 925
819 554 25
993 22 189
327 833 513
22 141 761
465 395 375
207 932 46
789 270 851
603 190 979
637 341 477
114 33 672
541 528 982
922 931 134
317 418 112
497 382 466
77 678 440
446 506 643
233 805 961
474 360 16
840 149 741
283 304 162
951 779 873
992 479 923
155 804 195
32 829 106
725 907 627
293 638 526
188 456 899
287 584 702
925 665 891
390 547 67
581 241 420
418 220 540
839 880 428
536 208 317
781 917 401
568 923 597
251 783 643
725 547 208
975 651 408
201 985 122
941 366 131
228 98 249
246 403 858
414 988 936
574 89 112
184 370 918
160 420 924
77 690 349
391 356 224
327 633 980
801 590 87
220 914 234
624 392 944
727 850 728
699 874 394
268 886 70
762 525 127
460 1 910
260 990 139
344 577 100
985 584 111
941 406 720
696 446 981
270 933 200
693 591 701
216 662 231
608 8 38
525 575 13
642 275 867
779 552 631
291 926 577
472 375 146
158 846 461
237 573 867
130 322 16
858 394 787
570 838 11
605 731 839
881 357 485
564 953 527
652 168 77
82 714 333
21 673 841
475 343 752
243 769 838
730 247 872
48 561 201
109 110 997
348 513 989
735 809 866
396 509 261
14 146 218
484 1 613
974 298 201
502 906 701
613 490 966
870 423 520
826 279 489
561 585 927
581 843 448
558 311 515
234 555 527
895 959 228
825 174 223
551 869 75
103 152 343
523 414 639
720 28 935
217 896 306
769 159 197
730 298 569
530 305 454
326 722 659
905 210 543
906 447 471
634 182 971
823 742 287
586 799 882
594 105 44
668 739 671
346 320 487
301 86 721
427 20 13
505 404 715
278 84 957
530 286 985
335 494 193
625 938 129
433 832 684
374 76 76
473 265 895
448 933 970
808 275 776
857 901 736
876 525 753
77 511 746
352 11 105
1000 421 116
527 870 637
255 468 654
84 137 20
907 856 186
585 875 750
473 528 830
391 288 835
183 81 109
177 559 167
767 721 171
733 711 140
175 832 705
120 123 880
466 558 699
356 419 412
22 745 28
